28 : [(551.6461791992188, 144.81793212890625)]
85 : [(484.0743408203125, 145.334228515625)]
155 : [(311.65106201171875, 123.48120880126953)]
201 : [(259.3031921386719, 371.8119812011719)]
263 : [(760.2083129882812, 456.2781677246094), (61.14640426635742, 462.537353515625)]
273 : [(360.0842590332031, 105.77970123291016), (533.6421508789062, 113.99856567382812)]
378 : [(336.0091552734375, 126.85845184326172)]
405 : [(148.50442504882812, 421.52301025390625)]
429 : [(307.37994384765625, 130.3961944580078)]
436 : [(321.58282470703125, 191.14942932128906)]
450 : [(609.7366333007812, 109.78546142578125)]
474 : [(420.32891845703125, 114.05854034423828)]
481 : [(722.842529296875, 424.8609924316406)]
532 : [(351.1801452636719, 161.50244140625)]
591 : [(427.236083984375, 105.89027404785156)]
640 : [(205.95428466796875, 440.32586669921875)]
647 : [(481.62908935546875, 107.4704360961914)]
661 : [(558.2427978515625, 212.1560516357422)]
700 : [(351.1801452636719, 161.50244140625)]
735 : [(294.3094177246094, 319.93585205078125)]
744 : [(736.6357421875, 226.38812255859375)]
754 : [(477.6655578613281, 122.9153823852539)]
792 : [(33.61869812011719, 402.6176452636719)]
833 : [(116.92127990722656, 431.9630126953125)]
851 : [(352.20355224609375, 48.972164154052734)]
956 : [(577.9509887695312, 86.57499694824219)]
999 : [(731.0658569335938, 454.9801940917969), (104.23731231689453, 456.7880554199219)]
1047 : [(457.91815185546875, 106.30864715576172)]
1082 : [(564.2957763671875, 342.8614501953125)]
1088 : [(102.97541046142578, 416.6851806640625), (101.71883392333984, 416.5684509277344)]
1092 : [(769.6192626953125, 435.2764892578125)]
1150 : [(132.4886016845703, 432.35546875)]
1155 : [(424.0821228027344, 284.02947998046875)]
1326 : [(622.4095458984375, 437.9315490722656)]
1351 : [(110.54057312011719, 432.2414855957031)]
1461 : [(332.4327087402344, 114.02032470703125)]
1479 : [(502.5927734375, 158.18858337402344)]
1490 : [(319.63909912109375, 125.48790740966797)]
1525 : [(17.478803634643555, 431.6968078613281)]
1583 : [(499.2474365234375, 369.3211669921875)]
1633 : [(500.84783935546875, 341.5377197265625), (321.4584655761719, 338.6175537109375)]
1667 : [(445.2325439453125, 46.84449768066406)]
1668 : [(316.50823974609375, 135.93267822265625)]
1702 : [(608.9933471679688, 438.6505126953125)]
1746 : [(427.1394348144531, 407.1318664550781)]
1760 : [(559.1030883789062, 285.5382995605469)]
1789 : [(608.0713500976562, 183.43255615234375)]
1832 : [(464.4433288574219, 413.04705810546875)]
1851 : [(712.2432861328125, 452.1048278808594), (715.9929809570312, 453.08245849609375)]
1892 : [(425.7242431640625, 332.3302917480469)]
1894 : [(229.02835083007812, 122.74071502685547)]
1938 : [(424.0821228027344, 284.02947998046875)]
1947 : [(354.946533203125, 45.86790466308594)]
1989 : [(214.03529357910156, 416.47393798828125)]
2014 : [(297.0259704589844, 185.2007598876953)]
2027 : [(213.50808715820312, 457.11798095703125)]
2084 : [(448.73046875, 154.10479736328125)]
2126 : [(19.17137336730957, 415.6846923828125), (19.17137336730957, 415.6846923828125)]
2134 : [(474.14398193359375, 405.4804992675781)]
2137 : [(424.35784912109375, 273.8454895019531)]
2161 : [(724.3560791015625, 456.9148254394531)]
2205 : [(155.73162841796875, 480.8994445800781)]
2217 : [(640.7584838867188, 443.8678283691406)]
2269 : [(574.6951293945312, 167.3714141845703)]
2286 : [(352.49835205078125, 329.5130615234375)]
2292 : [(494.33416748046875, 329.6195983886719)]
2318 : [(487.57568359375, 132.3128204345703)]
2324 : [(565.9664916992188, 328.25439453125)]
2328 : [(392.450927734375, 120.11199951171875)]
2350 : [(249.18704223632812, 108.63825988769531)]
2359 : [(612.3160400390625, 450.99639892578125)]
2367 : [(477.1097717285156, 384.64117431640625)]
2373 : [(247.4608154296875, 143.56948852539062)]
2408 : [(144.48170471191406, 421.42706298828125)]
2561 : [(597.826171875, 149.6464080810547)]
2628 : [(525.0882568359375, 338.6520080566406)]
2636 : [(598.9544067382812, 447.41064453125)]
2705 : [(85.6007308959961, 434.5340881347656)]
2732 : [(424.9953918457031, 120.59452056884766)]
2754 : [(416.6724548339844, 121.17478942871094), (360.1802978515625, 124.82975769042969)]
2762 : [(127.23680877685547, 432.1277160644531)]
2776 : [(106.5124740600586, 434.6146545410156)]
2803 : [(626.6900024414062, 157.9524688720703)]
2854 : [(559.1030883789062, 285.5382995605469)]
2870 : [(325.1024169921875, 122.51025390625)]
2871 : [(18.703140258789062, 380.61700439453125)]
2885 : [(17.478803634643555, 431.6968078613281)]
2934 : [(604.9409790039062, 140.88926696777344), (612.9004516601562, 189.44778442382812)]
2957 : [(496.2673645019531, 319.3116760253906)]
2959 : [(110.33772277832031, 437.3681945800781)]
3053 : [(357.2519836425781, 49.56221389770508), (355.3902587890625, 49.07653045654297)]
3059 : [(359.6862487792969, 116.38724517822266)]
3079 : [(574.1292114257812, 140.9088592529297)]
3088 : [(102.92279052734375, 431.9942321777344)]
3102 : [(499.42852783203125, 147.588134765625)]
3107 : [(260.1543273925781, 415.78424072265625)]
3114 : [(400.56011962890625, 110.70677185058594)]
3142 : [(335.9759826660156, 135.92593383789062)]
3152 : [(555.19580078125, 160.33375549316406)]
3159 : [(344.4482116699219, 325.3690185546875)]
3180 : [(418.4134826660156, 117.26847076416016)]
3187 : [(261.30792236328125, 377.60009765625)]
3210 : [(89.00896453857422, 418.451904296875)]
3211 : [(261.30792236328125, 377.60009765625)]
3220 : [(297.0259704589844, 185.2007598876953)]
3221 : [(76.35989379882812, 430.67352294921875)]
3293 : [(247.4608154296875, 143.56948852539062)]
3299 : [(263.9614562988281, 429.41619873046875)]
3303 : [(731.794921875, 459.0572204589844)]
3324 : [(478.0837097167969, 108.07079315185547)]
3341 : [(299.62939453125, 87.02562713623047)]
3344 : [(108.66333770751953, 446.2345886230469)]
3360 : [(461.2978820800781, 59.860321044921875)]
3383 : [(413.46612548828125, 305.1325988769531)]
3401 : [(492.0463562011719, 120.12368774414062)]
3405 : [(535.2796630859375, 134.93641662597656)]
3449 : [(400.1677551269531, 412.0086975097656)]
3490 : [(64.98967742919922, 437.3675231933594)]
3501 : [(634.8811645507812, 433.2550354003906)]
3520 : [(221.51368713378906, 200.07640075683594)]
3535 : [(819.9178466796875, 427.55731201171875)]
3547 : [(264.1515197753906, 401.96893310546875)]
3548 : [(469.7334899902344, 151.53158569335938)]
3568 : [(424.5223388671875, 313.4087829589844)]
3579 : [(818.4514770507812, 418.0171203613281)]
3600 : [(345.4690856933594, 276.2923889160156)]
3613 : [(221.52395629882812, 456.64349365234375), (221.16513061523438, 456.5618896484375)]
3632 : [(360.7893981933594, 423.1866760253906)]
3649 : [(344.4482116699219, 325.3690185546875)]
3652 : [(119.47148895263672, 424.7440185546875)]
3687 : [(350.6540832519531, 57.480525970458984)]
3736 : [(219.906005859375, 413.38568115234375)]
3744 : [(605.5621948242188, 97.55603790283203)]
3745 : [(106.5124740600586, 434.6146545410156)]
3749 : [(253.0766143798828, 452.06524658203125)]
3783 : [(529.6659545898438, 124.48682403564453)]
3786 : [(361.3141174316406, 412.02886962890625)]
3839 : [(566.8417358398438, 406.57269287109375), (567.6474609375, 410.022216796875)]
3869 : [(508.0139465332031, 300.56475830078125)]
3950 : [(182.86875915527344, 421.62200927734375)]
3967 : [(457.5196533203125, 404.7251281738281)]
3977 : [(574.6951293945312, 167.3714141845703)]
3984 : [(341.09136962890625, 318.0264587402344)]
3997 : [(549.4140625, 140.25241088867188)]
4012 : [(250.6610565185547, 83.66034698486328)]
4014 : [(524.4441528320312, 156.91204833984375)]
4080 : [(445.654052734375, 116.53021240234375), (386.5033264160156, 116.96292877197266)]
4147 : [(503.7841796875, 320.7860412597656)]
4161 : [(563.398681640625, 121.00882720947266), (455.51788330078125, 101.29839324951172), (512.7863159179688, 107.39849090576172)]
4178 : [(330.6418762207031, 123.82384490966797)]
4214 : [(369.27349853515625, 60.225460052490234), (391.9269104003906, 57.90815734863281)]
4238 : [(407.6390686035156, 269.4233703613281)]
4253 : [(414.2738037109375, 42.604679107666016)]
4266 : [(243.73370361328125, 456.453369140625)]
4267 : [(509.2745666503906, 272.2732238769531)]
4358 : [(565.9664916992188, 328.25439453125)]
4359 : [(574.9777221679688, 345.1983337402344)]
4361 : [(604.5192260742188, 180.85525512695312)]
4398 : [(338.5281677246094, 58.048152923583984), (340.1484680175781, 56.896671295166016)]
4426 : [(5.602843284606934, 402.6713562011719)]
4446 : [(716.82568359375, 425.0247802734375)]
4451 : [(370.4032897949219, 388.6449279785156)]
4462 : [(640.7584838867188, 443.8678283691406)]
4467 : [(401.0616455078125, 415.5727233886719)]
4473 : [(496.2673645019531, 319.3116760253906)]
4478 : [(244.38223266601562, 87.09423065185547)]
4482 : [(378.65185546875, 115.96782684326172)]
4543 : [(203.29373168945312, 454.4072570800781), (281.07989501953125, 342.2349548339844), (366.33636474609375, 422.9119567871094)]
4564 : [(377.98480224609375, 108.02316284179688)]
4574 : [(424.35784912109375, 273.8454895019531)]
4589 : [(640.7584838867188, 443.8678283691406)]
4598 : [(490.44500732421875, 35.61476135253906)]
4606 : [(818.4514770507812, 418.0171203613281)]
4646 : [(338.25482177734375, 156.98904418945312)]
4659 : [(563.6193237304688, 415.9497985839844)]
4768 : [(212.0623321533203, 137.4102020263672)]
4775 : [(108.01753234863281, 419.5906677246094)]
4776 : [(264.9856872558594, 138.50682067871094)]
4779 : [(392.9040222167969, 105.51251220703125)]
4780 : [(33.61869812011719, 402.6176452636719)]
4802 : [(570.46435546875, 175.8236846923828)]
4911 : [(529.1375122070312, 333.07489013671875)]
5010 : [(523.40185546875, 322.63360595703125)]
5037 : [(520.1721801757812, 329.348388671875)]
5044 : [(817.470458984375, 423.1243591308594)]
5076 : [(807.2950439453125, 420.76104736328125)]
5113 : [(282.2802429199219, 128.06939697265625)]
5116 : [(33.61869812011719, 402.6176452636719)]
5126 : [(233.811767578125, 453.3001708984375)]
5146 : [(338.25482177734375, 156.98904418945312)]
5152 : [(53.705787658691406, 431.079345703125)]
5198 : [(401.0616455078125, 415.5727233886719)]
5233 : [(464.4433288574219, 413.04705810546875)]
5258 : [(458.0251159667969, 413.3477478027344)]
5279 : [(396.0491027832031, 411.3974914550781)]
5296 : [(250.01077270507812, 275.6305847167969)]
5332 : [(282.2802429199219, 128.06939697265625)]
5333 : [(726.3807983398438, 441.4295959472656)]
5359 : [(212.99868774414062, 181.36875915527344)]
5366 : [(509.2745666503906, 272.2732238769531)]
5449 : [(148.50442504882812, 421.52301025390625)]
5462 : [(561.7835693359375, 67.98793029785156)]
5492 : [(335.8805236816406, 349.65234375)]
5548 : [(307.56500244140625, 321.01025390625)]
5551 : [(394.51837158203125, 117.79912567138672)]
5603 : [(492.3734436035156, 403.69989013671875)]
5617 : [(527.6165771484375, 152.39053344726562), (499.42852783203125, 147.588134765625)]
5627 : [(327.52337646484375, 120.55025482177734)]
5631 : [(395.0072326660156, 372.7953796386719)]
5658 : [(341.4020080566406, 402.21502685546875)]
5687 : [(37.830902099609375, 376.8846740722656)]
5693 : [(328.1458435058594, 127.49658966064453)]
5704 : [(323.5394287109375, 322.1451721191406)]
5719 : [(6.593869209289551, 392.50347900390625)]
5722 : [(474.95880126953125, 107.43034362792969)]
5735 : [(25.314672470092773, 401.37506103515625)]
5805 : [(281.86383056640625, 161.00289916992188)]
5807 : [(498.9440002441406, 121.63008880615234)]
5857 : [(450.3343505859375, 157.684326171875)]
5936 : [(535.2796630859375, 134.93641662597656)]
5937 : [(606.7425537109375, 433.168701171875)]
6037 : [(101.07917785644531, 428.89056396484375)]
6044 : [(551.7471923828125, 132.72108459472656)]
6075 : [(264.423828125, 137.1710205078125)]
6082 : [(6.593869209289551, 392.50347900390625)]
6104 : [(342.4124450683594, 118.9273452758789)]
6124 : [(436.3272399902344, 43.68812942504883)]
6129 : [(134.6311798095703, 443.21099853515625)]
6136 : [(229.4490966796875, 122.48883819580078)]
6158 : [(477.1097717285156, 384.64117431640625)]
6168 : [(626.8032836914062, 434.3824462890625)]
6173 : [(505.1319274902344, 317.57928466796875)]
6205 : [(358.9794006347656, 143.3303680419922)]
6210 : [(736.5147094726562, 425.3363952636719)]
6211 : [(444.605712890625, 331.03240966796875), (403.4501953125, 40.98786163330078)]
6233 : [(561.1775512695312, 326.5522155761719)]
6287 : [(244.6554718017578, 452.7284851074219)]
6293 : [(512.979248046875, 351.9177551269531)]
6343 : [(7.943876266479492, 382.0530090332031)]
6344 : [(85.02949523925781, 429.09869384765625)]
6426 : [(352.37451171875, 319.81787109375)]
6430 : [(626.9697875976562, 179.52830505371094)]
6438 : [(252.9109649658203, 106.54779815673828)]
6443 : [(366.6169738769531, 123.2279052734375)]
6495 : [(225.3966064453125, 442.1477355957031)]
6513 : [(182.86875915527344, 421.62200927734375)]
6574 : [(437.9111022949219, 163.01756286621094)]
6575 : [(622.4095458984375, 437.9315490722656)]
6613 : [(263.9614562988281, 429.41619873046875)]
6690 : [(76.35989379882812, 430.67352294921875)]
6698 : [(104.50341033935547, 416.6381530761719)]
6701 : [(372.3124084472656, 126.1700210571289)]
6703 : [(441.4971008300781, 115.4334487915039)]
6712 : [(474.3330993652344, 154.42002868652344)]
6714 : [(64.20211791992188, 434.0495910644531)]
6754 : [(349.47174072265625, 317.38323974609375)]
6766 : [(390.0025329589844, 401.86627197265625)]
6779 : [(347.6116638183594, 47.990909576416016)]
6781 : [(229.18991088867188, 216.45513916015625)]
6857 : [(587.0595092773438, 330.27215576171875)]
6873 : [(352.4081115722656, 333.7200012207031)]
6888 : [(101.91941833496094, 437.3630065917969)]
6903 : [(341.09136962890625, 318.0264587402344)]
6970 : [(599.007080078125, 85.62682342529297)]
6992 : [(621.4248046875, 160.2919921875)]
7092 : [(225.3966064453125, 442.1477355957031)]
7163 : [(400.1677551269531, 412.0086975097656)]
7187 : [(487.7470703125, 47.31687927246094), (485.51470947265625, 47.6496467590332)]
7235 : [(617.9073486328125, 198.0221405029297)]
7273 : [(630.98583984375, 143.81219482421875)]
7350 : [(88.59781646728516, 455.3213806152344)]
7365 : [(564.6595458984375, 137.96469116210938)]
7385 : [(581.5664672851562, 143.1075439453125)]
7417 : [(425.7242431640625, 332.3302917480469)]
7447 : [(420.1072998046875, 120.52560424804688)]
7494 : [(568.688720703125, 135.030029296875)]
7512 : [(252.2787628173828, 404.6795654296875)]
7521 : [(539.9505004882812, 281.70098876953125)]
7665 : [(496.4211120605469, 151.50755310058594)]
7759 : [(105.82520294189453, 442.0212097167969)]
7783 : [(397.5966491699219, 121.96649932861328)]
7813 : [(213.50808715820312, 457.11798095703125)]
7817 : [(415.0560607910156, 317.1558532714844)]
7857 : [(834.67822265625, 420.08673095703125)]
7874 : [(398.1334228515625, 102.59896087646484)]
7891 : [(228.9367218017578, 209.9402618408203)]
7998 : [(420.32891845703125, 114.05854034423828)]
8100 : [(352.20355224609375, 48.972164154052734)]
8122 : [(714.1336059570312, 419.98297119140625)]
8192 : [(78.42632293701172, 436.6334533691406)]
8202 : [(427.1394348144531, 407.1318664550781)]
8283 : [(382.0181579589844, 122.55323791503906)]
8342 : [(164.59701538085938, 419.2028503417969)]
8368 : [(724.661376953125, 430.56353759765625)]
8384 : [(252.5690155029297, 96.08633422851562)]
8426 : [(326.16412353515625, 405.1430358886719)]
8473 : [(71.78682708740234, 461.178466796875), (65.14180755615234, 461.108154296875)]
8479 : [(467.1478576660156, 105.35607147216797)]
8495 : [(13.952773094177246, 433.68804931640625)]
8538 : [(779.3472290039062, 439.90924072265625)]
8540 : [(817.470458984375, 423.1243591308594)]
8548 : [(81.23796081542969, 441.35662841796875)]
8645 : [(144.26025390625, 429.8408508300781)]
8706 : [(546.1165161132812, 131.5025177001953)]
8773 : [(276.9507751464844, 128.23565673828125)]
8856 : [(3.5425870418548584, 381.8794250488281)]
8869 : [(10.356637001037598, 387.3199768066406)]
8879 : [(319.8036804199219, 69.85074615478516)]
8917 : [(342.4124450683594, 118.9273452758789)]
8924 : [(316.50823974609375, 135.93267822265625)]
8935 : [(412.0250244140625, 160.18675231933594)]
8964 : [(834.6414794921875, 415.8395690917969)]
8989 : [(252.5690155029297, 96.08633422851562)]
8995 : [(490.6083679199219, 48.22190856933594)]
8997 : [(443.86822509765625, 99.82504272460938)]
9044 : [(208.90200805664062, 439.64447021484375)]
9051 : [(623.6116943359375, 132.12254333496094)]
9084 : [(597.826171875, 149.6464080810547)]
9194 : [(148.48556518554688, 442.68377685546875)]
9219 : [(447.017578125, 125.69148254394531)]
9325 : [(398.000244140625, 11